# index	name	x_px	y_px	z_norm	x_norm	y_norm
0	upper_lip_outer_center	301.563120	207.555885	-0.026339	0.502605	0.540510
1	nose_tip	299.737769	186.374290	-0.061725	0.499563	0.485350
2	nose_base_center	299.981636	192.162552	-0.029667	0.499969	0.500423
3		293.800360	161.517906	-0.050667	0.489667	0.420620
4	nose_bottom	299.660397	179.068211	-0.066950	0.499434	0.466323
5		299.612635	168.984329	-0.064067	0.499354	0.440063
6		299.667799	144.222908	-0.038566	0.499446	0.375580
7		252.515960	140.514656	0.008362	0.420860	0.365924
8		299.628443	128.208012	-0.035360	0.499381	0.333875
9		299.584293	118.902386	-0.040363	0.499307	0.309642
10	forehead_center	299.567091	80.181427	-0.034982	0.499278	0.208806
11		301.575851	210.160995	-0.024245	0.502626	0.547294
12		301.483405	212.809822	-0.019935	0.502472	0.554192
13		301.398504	214.557976	-0.013196	0.502331	0.558745
14		301.351941	214.496910	-0.011333	0.502253	0.558586
15		301.403761	218.463478	-0.011507	0.502340	0.568915
16		301.373935	223.326027	-0.013204	0.502290	0.581578
17		301.294148	228.325424	-0.010428	0.502157	0.594597
18		300.827801	237.309174	0.002410	0.501380	0.617993
19		299.825799	189.723564	-0.055075	0.499710	0.494072
20		292.992550	188.925819	-0.038626	0.488321	0.491994
21		224.899954	112.314857	0.057027	0.374833	0.292487
22		270.799202	147.170837	-0.002481	0.451332	0.383257
23		264.006293	147.775875	-0.001765	0.440010	0.384833
24		257.548785	147.390198	0.001269	0.429248	0.383829
25		249.896765	143.037117	0.010709	0.416495	0.372492
26		276.656234	145.591152	-0.001917	0.461094	0.379144
27		260.329127	128.997803	-0.010331	0.433882	0.335932
28		268.151647	129.804611	-0.010417	0.446919	0.338033
29		253.404236	129.914280	-0.006291	0.422340	0.338318
30		249.243379	132.153889	-0.001012	0.415406	0.344151
31		243.722570	147.595356	0.017434	0.406204	0.384363
32		275.550431	247.858864	0.018697	0.459251	0.645466
33	right_eye_outer_corner	250.363505	138.558231	0.011772	0.417273	0.360829
34		223.532277	143.610512	0.069020	0.372554	0.373986
35		236.112589	142.619751	0.028003	0.393521	0.371406
36		266.340047	177.663746	-0.006616	0.443900	0.462666
37		292.373550	205.824760	-0.024901	0.487289	0.536002
38		293.425333	212.462059	-0.018060	0.489042	0.553287
39		283.550441	208.100327	-0.017550	0.472584	0.541928
40		277.679104	210.739563	-0.008286	0.462799	0.548801
41		286.423373	212.688080	-0.013276	0.477372	0.553875
42		280.923593	213.421165	-0.004926	0.468206	0.555784
43		270.603222	222.870804	0.013300	0.451005	0.580393
44		293.918020	186.098579	-0.060724	0.489863	0.484632
45		292.968446	179.094784	-0.065557	0.488281	0.466393
46		238.613409	126.517754	-0.000202	0.397689	0.329473
47		279.785818	159.290680	-0.012897	0.466310	0.414819
48		277.974254	182.523663	-0.031567	0.463290	0.475322
49		277.724326	178.394943	-0.028556	0.462874	0.464570
50		246.475554	176.552593	0.007710	0.410793	0.459772
51		293.332547	169.712837	-0.060255	0.488888	0.441961
52		253.957057	120.881229	-0.022707	0.423262	0.314795
53		244.644481	122.340099	-0.013150	0.407741	0.318594
54		230.951446	100.063419	0.030560	0.384919	0.260582
55		284.832072	128.839279	-0.031722	0.474720	0.335519
56		275.044531	132.528419	-0.006357	0.458408	0.345126
57		265.493828	215.933853	0.014561	0.442490	0.562328
58		233.424139	209.864685	0.117308	0.389040	0.546523
59		283.031988	186.564480	-0.026175	0.471720	0.485845
60		288.558877	188.804455	-0.027120	0.480931	0.491678
61	right_mouth_corner	270.728660	215.388084	0.013037	0.451214	0.560906
62		272.487688	215.267738	0.009677	0.454146	0.560593
63		240.833956	117.405922	-0.008306	0.401390	0.305745
64		277.763718	185.288647	-0.024349	0.462940	0.482523
65		267.230558	122.795849	-0.029138	0.445384	0.319781
66		265.812117	116.910393	-0.033063	0.443020	0.304454
67		258.745676	83.954573	-0.018607	0.431243	0.218632
68		235.962170	108.503139	0.007885	0.393270	0.282560
69		263.174468	99.040443	-0.027211	0.438624	0.257918
70		234.739155	122.938271	0.009225	0.391232	0.320152
71		229.431564	118.120434	0.031184	0.382386	0.307605
72		292.762989	209.471397	-0.022818	0.487938	0.545498
73		285.002089	210.626060	-0.015846	0.475003	0.548505
74		279.249430	212.163437	-0.007551	0.465416	0.552509
75		284.626222	187.765869	-0.023851	0.474377	0.488974
76		271.626520	215.344688	0.011166	0.452711	0.560793
77		274.998987	216.981491	0.004799	0.458332	0.565056
78		273.472524	215.207062	0.009228	0.455788	0.560435
79		286.338490	184.914997	-0.043509	0.477231	0.481549
80		282.221228	214.316940	-0.002270	0.470369	0.558117
81		287.628686	214.015343	-0.007526	0.479381	0.557332
82		294.115412	214.228226	-0.011723	0.490192	0.557886
83		291.768515	236.765144	0.002894	0.486281	0.616576
84		292.140162	227.932800	-0.009847	0.486900	0.593575
85		292.677176	222.856659	-0.012169	0.487795	0.580356
86		293.366647	217.932472	-0.010202	0.488944	0.567532
87		294.136906	214.217514	-0.009871	0.490228	0.557858
88		282.212609	214.311836	-0.000889	0.470354	0.558104
89		280.711824	216.276031	-0.001776	0.467853	0.563219
90		279.016542	218.907646	-0.002781	0.465028	0.570072
91		277.664673	221.823097	-0.000353	0.462774	0.577664
92		272.441643	204.042892	-0.006089	0.454069	0.531362
93		225.042576	174.125553	0.126363	0.375071	0.453452
94		299.864727	190.915604	-0.038807	0.499775	0.497176
95		278.154910	214.667656	0.004977	0.463592	0.559030
96		276.605219	215.736877	0.004447	0.461009	0.561815
97		290.969145	191.641514	-0.026390	0.484949	0.499066
98		280.361438	189.296333	-0.014605	0.467269	0.492959
99		289.806694	190.265877	-0.027256	0.483011	0.495484
100		272.791421	163.391762	-0.007717	0.454652	0.425499
101		261.857343	168.336811	-0.003463	0.436429	0.438377
102		276.632094	181.300426	-0.021174	0.461053	0.472137
103		241.672075	90.296236	0.003893	0.402787	0.235146
104		246.643227	101.729668	-0.010936	0.411072	0.264921
105		251.477247	114.926617	-0.021753	0.419129	0.299288
106		276.022053	228.164177	0.008809	0.460037	0.594178
107		282.420391	119.836819	-0.038616	0.470701	0.312075
108		280.245566	98.560364	-0.036272	0.467076	0.256668
109		277.446127	80.893656	-0.031519	0.462410	0.210661
110		252.535826	145.857388	0.006168	0.420893	0.379837
111		236.432666	152.453934	0.025109	0.394054	0.397015
112		280.481815	144.081608	-0.000764	0.467470	0.375213
113		242.656678	134.545303	0.009190	0.404428	0.350378
114		284.478199	154.762848	-0.018209	0.474130	0.403028
115		282.098168	180.486408	-0.043854	0.470164	0.470017
116		229.481936	157.881947	0.039453	0.382470	0.411151
117		240.703046	157.902328	0.015716	0.401172	0.411204
118		249.016392	160.988033	0.005558	0.415027	0.419240
119		261.900562	159.929260	-0.000179	0.436501	0.416482
120		271.463728	156.907425	-0.003306	0.452440	0.408613
121		278.585976	153.756821	-0.007569	0.464310	0.400408
122		293.180215	145.891525	-0.033542	0.488634	0.379926
123		231.320375	173.100403	0.039631	0.385534	0.450782
124		237.037075	133.658592	0.014129	0.395062	0.348069
125		296.218228	189.453037	-0.054384	0.493697	0.493367
126		280.245101	166.688049	-0.015895	0.467075	0.434083
127		221.796119	142.007915	0.109249	0.369660	0.369812
128		283.980507	150.383892	-0.010397	0.473301	0.391625
129		276.243871	181.340458	-0.008801	0.460406	0.472241
130		247.411680	138.912117	0.014105	0.412353	0.361750
131		281.976986	175.498501	-0.040177	0.469962	0.457027
132		228.188717	191.492065	0.124930	0.380315	0.498677
133	right_eye_inner_corner	280.592859	141.676117	0.001533	0.467655	0.368948
134		287.488282	171.907162	-0.052568	0.479147	0.447675
135		247.337544	229.095612	0.058661	0.412229	0.596603
136		247.786725	236.717079	0.081470	0.412978	0.616451
137		225.709766	174.039631	0.082535	0.376183	0.453228
138		239.560497	218.582520	0.070993	0.399267	0.569225
139		226.230705	129.629105	0.053145	0.377051	0.337576
140		273.889053	255.532402	0.027356	0.456482	0.665449
141		296.963221	190.627373	-0.037995	0.494939	0.496425
142		274.257588	171.845238	-0.010225	0.457096	0.447514
143		230.743486	143.479168	0.040145	0.384572	0.373644
144		258.334619	143.192402	0.001757	0.430558	0.372897
145	right_eye_lower_lid	263.901544	143.816780	-0.001132	0.439836	0.374523
146		273.594815	218.350227	0.006987	0.455991	0.568620
147		233.345354	187.520599	0.047049	0.388909	0.488335
148		286.279285	266.040230	0.032769	0.477132	0.692813
149		265.656817	255.085510	0.053644	0.442761	0.664285
150		257.237720	247.483429	0.065772	0.428730	0.644488
151		299.593806	98.739361	-0.038951	0.499323	0.257134
152	chin	301.096880	267.332130	0.029604	0.501828	0.696177
153		269.610232	143.324043	-0.001867	0.449350	0.373240
154		275.158238	142.361504	-0.000569	0.458597	0.370733
155		278.809458	142.015686	0.001440	0.464682	0.369833
156		232.535934	131.837643	0.025806	0.387560	0.343327
157		274.021500	136.842087	-0.003424	0.456703	0.356360
158		267.964339	135.001236	-0.005977	0.446607	0.351566
159	right_eye_upper_lid	262.090605	134.682106	-0.005437	0.436818	0.350735
160		256.612837	135.529278	-0.002253	0.427688	0.352941
161		253.446686	136.779488	0.002085	0.422411	0.356197
162		222.208840	125.477932	0.085487	0.370348	0.326765
163		254.807371	141.920334	0.005302	0.424679	0.369584
164		300.209033	197.822136	-0.025661	0.500348	0.515162
165		278.578752	200.067215	-0.013359	0.464298	0.521008
166		283.016038	185.567516	-0.031320	0.471693	0.483249
167		290.796643	198.119522	-0.024397	0.484661	0.515936
168		299.670357	135.753857	-0.032333	0.499451	0.353526
169		255.811787	239.379341	0.049261	0.426353	0.623384
170		264.430279	247.602722	0.039133	0.440717	0.644799
171		286.072648	260.865875	0.017079	0.476788	0.679338
172		240.332526	224.997093	0.100512	0.400554	0.585930
173		278.474307	139.648693	-0.000681	0.464124	0.363668
174		288.799363	157.474079	-0.034016	0.481332	0.410089
175		301.038051	262.228523	0.014538	0.501730	0.682887
176		275.024718	261.653778	0.040992	0.458375	0.681390
177		228.720009	189.862129	0.084609	0.381200	0.494433
178		287.659550	214.031021	-0.005887	0.479433	0.557372
179		286.264354	217.122231	-0.006649	0.477107	0.565422
180		285.010296	221.062569	-0.007864	0.475017	0.575684
181		284.072345	225.662910	-0.005652	0.473454	0.587664
182		282.862419	233.144463	0.004295	0.471437	0.607147
183		276.482141	214.293755	0.002462	0.460804	0.558057
184		274.807495	213.769844	0.002346	0.458012	0.556692
185		273.447007	213.080200	0.002141	0.455745	0.554896
186		267.796826	209.506050	0.003643	0.446328	0.545589
187		242.048550	191.875614	0.023881	0.403414	0.499676
188		288.926536	149.801399	-0.025064	0.481544	0.390108
189		285.238069	137.368778	-0.008165	0.475397	0.357731
190		281.167871	137.753654	-0.003544	0.468613	0.358733
191		278.144914	214.743942	0.004150	0.463575	0.559229
192		241.854072	208.884178	0.046082	0.403090	0.543969
193		290.754318	137.923256	-0.023621	0.484591	0.359175
194		279.073799	240.111580	0.012292	0.465123	0.625291
195		299.626583	160.463573	-0.054966	0.499378	0.417874
196		293.397099	154.015240	-0.043415	0.488995	0.401081
197		299.644858	152.535370	-0.046442	0.499408	0.397228
198		284.112382	168.853992	-0.031178	0.473521	0.439724
199		300.950754	254.599091	0.006421	0.501585	0.663018
200		300.874865	245.324501	0.004690	0.501458	0.638866
201		289.600539	244.509041	0.006881	0.482668	0.636742
202		263.800532	225.845192	0.021179	0.439668	0.588139
203		270.966500	187.124016	-0.004982	0.451611	0.487302
204		270.800203	233.920097	0.017411	0.451334	0.609167
205		256.003761	186.182487	0.000115	0.426673	0.484850
206		265.244347	194.505547	-0.001308	0.442074	0.506525
207		250.797683	197.664253	0.012453	0.417996	0.514751
208		287.182975	253.380135	0.009351	0.478638	0.659844
209		280.136794	172.522614	-0.021575	0.466895	0.449278
210		257.889998	231.379784	0.033859	0.429817	0.602552
211		266.673839	240.145706	0.028183	0.444456	0.625379
212		258.434916	216.689117	0.020369	0.430725	0.564295
213		235.631132	199.711693	0.054324	0.392719	0.520083
214		250.094694	217.420647	0.032311	0.416824	0.566200
215		232.771039	204.610680	0.083315	0.387952	0.532840
216		260.419661	203.856537	0.006393	0.434033	0.530876
217		284.652025	161.934963	-0.024303	0.474420	0.421706
218		284.221923	183.765518	-0.046124	0.473703	0.478556
219		280.041629	184.990517	-0.032502	0.466736	0.481746
220		287.137967	179.543953	-0.055589	0.478563	0.467562
221		279.641122	131.941223	-0.013143	0.466069	0.343597
222		268.037367	127.484859	-0.016276	0.446729	0.331992
223		257.941335	126.259815	-0.015450	0.429902	0.328802
224		249.918294	127.186432	-0.010211	0.416530	0.331215
225		244.792736	129.811901	-0.002208	0.407988	0.338052
226		242.390782	140.712467	0.019003	0.403985	0.366439
227		223.669535	158.693195	0.076464	0.372783	0.413264
228		247.325599	150.867004	0.012228	0.412209	0.392883
229		253.821033	153.254539	0.005306	0.423035	0.399100
230		262.763554	153.306988	0.000498	0.437939	0.399237
231		271.364093	151.616455	-0.001551	0.452273	0.394835
232		278.108633	149.445511	-0.003181	0.463514	0.389181
233		282.737285	147.431602	-0.004271	0.471229	0.383936
234	right_cheek_outer	223.140907	157.920582	0.121800	0.371902	0.411252
235		280.211020	186.606388	-0.026296	0.467018	0.485954
236		288.682419	164.531559	-0.041553	0.481137	0.428468
237		288.997668	184.718456	-0.055254	0.481663	0.481038
238		292.609888	187.993984	-0.049764	0.487683	0.489568
239		289.025652	185.576397	-0.049278	0.481709	0.483272
240		282.199198	188.560249	-0.021747	0.470332	0.491042
241		293.989062	188.859604	-0.052774	0.489982	0.491822
242		294.657272	190.055557	-0.038299	0.491095	0.494936
243		282.853103	142.146526	-0.000218	0.471422	0.370173
244		286.267322	143.963745	-0.006974	0.477112	0.374906
245		288.012779	145.431118	-0.015173	0.480021	0.378727
246		251.696867	137.741730	0.006325	0.419495	0.358702
247		246.804106	134.867271	0.006414	0.411340	0.351217
248		305.538583	161.391174	-0.050714	0.509231	0.420290
249		348.128700	140.569736	0.008032	0.580215	0.366067
250		306.788135	188.738766	-0.038621	0.511314	0.491507
251		376.753414	111.265411	0.056120	0.627922	0.289754
252		329.033554	146.590576	-0.002768	0.548389	0.381746
253		336.063480	147.219212	-0.002077	0.560106	0.383383
254		342.785776	146.901054	0.000938	0.571310	0.382555
255		351.208413	143.061710	0.010344	0.585347	0.372557
256		322.907960	144.949436	-0.002166	0.538180	0.377472
257		339.927113	128.168015	-0.010688	0.566545	0.333771
258		331.679535	128.836258	-0.010735	0.552799	0.335511
259		347.259736	129.355957	-0.006671	0.578766	0.336864
260		351.748896	131.871288	-0.001402	0.586248	0.343415
261		357.559705	147.167027	0.017017	0.595933	0.383247
262		326.311684	247.282288	0.018620	0.543853	0.643964
263	left_eye_outer_corner	350.613463	138.837410	0.011423	0.584356	0.361556
264		378.727663	142.386463	0.068864	0.631213	0.370798
265		365.566993	142.228123	0.027629	0.609278	0.370386
266		334.186113	176.916126	-0.007011	0.556977	0.460719
267	left_upper_lip_philtrum_ridge	310.615289	205.214699	-0.025035	0.517692	0.534413
268		309.380043	212.017570	-0.018255	0.515633	0.552129
269		319.354427	206.788490	-0.017774	0.532257	0.538512
270		324.936962	209.289482	-0.008586	0.541562	0.545025
271		316.236770	211.805511	-0.013622	0.527061	0.551577
272		321.529984	212.342354	-0.005277	0.535883	0.552975
273		331.641161	221.932961	0.012927	0.552735	0.577950
274		305.596876	185.981358	-0.060706	0.509328	0.484326
275		306.390381	178.926258	-0.065594	0.510651	0.465954
276		362.456167	126.281628	-0.000563	0.604094	0.328858
277		320.188844	158.840733	-0.013097	0.533648	0.413648
278		322.072220	182.007271	-0.031639	0.536787	0.473977
279		322.370839	177.846439	-0.028680	0.537285	0.463142
280		354.400349	175.443089	0.007133	0.590667	0.456883
281		305.946386	169.541428	-0.060310	0.509911	0.441514
282	left_eyebrow_lower_bend	345.604420	120.106739	-0.023060	0.576007	0.312778
283		355.632341	121.917217	-0.013617	0.592721	0.317493
284		370.096743	99.098099	0.029800	0.616828	0.258068
285	left_eyebrow_inner_lower	313.846457	127.938389	-0.031924	0.523077	0.333173
286		324.465466	131.608715	-0.006599	0.540776	0.342731
287		336.739182	214.827827	0.014192	0.561232	0.559447
288		369.671917	208.749298	0.116885	0.616120	0.543618
289		316.999912	186.146049	-0.026165	0.528333	0.484755
290		311.464512	188.515835	-0.027113	0.519108	0.490927
291	left_mouth_corner	331.263185	214.380203	0.012680	0.552105	0.558282
292		329.524791	214.245049	0.009332	0.549208	0.557930
293		359.677649	116.979778	-0.008721	0.599463	0.304635
294	left_nose_wing_tip	322.397661	184.733849	-0.024431	0.537329	0.481078
295	left_eyebrow_upper_bend	331.763685	121.864368	-0.029421	0.552939	0.317355
296		333.038127	116.008598	-0.033259	0.555064	0.302106
297		341.080999	83.326624	-0.019135	0.568468	0.216996
298		364.734042	107.770100	0.007603	0.607890	0.280651
299		336.408913	98.570595	-0.027342	0.560682	0.256694
300		366.651821	122.638962	0.008952	0.611086	0.319372
301		371.815395	117.356174	0.030911	0.619692	0.305615
302		310.225725	208.965431	-0.022970	0.517043	0.544181
303		317.794955	209.599091	-0.016155	0.529658	0.545831
304		323.292303	210.907494	-0.007908	0.538821	0.549238
305		315.388584	187.373772	-0.023861	0.525648	0.487953
306		330.373943	214.332390	0.010808	0.550623	0.558157
307		327.091670	215.993477	0.004509	0.545153	0.562483
308		328.515851	214.178558	0.008908	0.547526	0.557757
309		313.439834	184.621101	-0.043525	0.522400	0.480784
310		320.075405	213.293404	-0.002575	0.533459	0.555452
311		314.833224	213.221169	-0.007826	0.524722	0.555263
312		308.554780	213.813812	-0.011903	0.514258	0.556807
313		309.917128	236.599983	0.002676	0.516529	0.616146
314		310.235739	227.535873	-0.010004	0.517060	0.592541
315		309.826684	222.442863	-0.012359	0.516378	0.579278
316		309.185457	217.527626	-0.010403	0.515309	0.566478
317		308.419847	213.859566	-0.010057	0.514033	0.556926
318		319.965684	213.448402	-0.001192	0.533276	0.555855
319		321.452308	215.412643	-0.002058	0.535754	0.560970
320		323.115170	218.022377	-0.003041	0.538525	0.567767
321		324.458313	220.927162	-0.000637	0.540764	0.575331
322		328.927195	203.219856	-0.006345	0.548212	0.529218
323		378.000605	172.929977	0.125938	0.630001	0.450338
324		323.933172	213.729012	0.004655	0.539889	0.556586
325		325.492859	214.779991	0.004152	0.542488	0.559323
326	left_nostril_center	309.176409	191.442570	-0.026438	0.515294	0.498548
327	left_nose_wing_outer	319.973695	188.779850	-0.014709	0.533289	0.491614
328		310.274792	190.045738	-0.027249	0.517125	0.494911
329		327.314401	162.803032	-0.008031	0.545524	0.423966
330		338.546848	167.550705	-0.003965	0.564245	0.436330
331		323.586130	180.735878	-0.021283	0.539310	0.470666
332		358.781505	89.449751	0.003310	0.597969	0.232942
333		353.492725	101.143673	-0.011143	0.589155	0.263395
334		348.057532	114.218662	-0.022118	0.580096	0.297444
335		326.025295	227.473114	0.008503	0.543375	0.592378
336	left_eyebrow_inner_upper	316.177762	118.803715	-0.038772	0.526963	0.309385
337		319.095397	98.287971	-0.036297	0.531826	0.255958
338		322.019112	80.539267	-0.031836	0.536699	0.209738
339		348.169899	145.601269	0.005852	0.580283	0.379170
340		365.138984	151.765411	0.024704	0.608565	0.395222
341		318.892300	143.411545	-0.000947	0.531487	0.373468
342		358.697784	134.467644	0.008786	0.597830	0.350176
343		315.368056	154.420807	-0.018384	0.525613	0.402138
344		317.672575	180.090843	-0.043881	0.529454	0.468987
345		371.998858	156.680397	0.039109	0.619998	0.408022
346		360.541141	156.968559	0.015303	0.600902	0.408772
347		351.730835	159.908192	0.005046	0.586218	0.416428
348		338.322151	159.104153	-0.000670	0.563870	0.414334
349		328.322339	156.323456	-0.003659	0.547204	0.407092
350		320.873451	153.267139	-0.007777	0.534789	0.399133
351		306.278908	145.751907	-0.033651	0.510465	0.379562
352		370.204031	171.862873	0.039259	0.617007	0.447560
353		364.448261	133.461468	0.013808	0.607414	0.347556
354		303.448856	189.364288	-0.054369	0.505748	0.493136
355		319.809937	166.210533	-0.016054	0.533017	0.432840
356		380.981398	140.745014	0.108463	0.634969	0.366523
357		315.300429	149.867329	-0.010605	0.525501	0.390280
358		324.060166	180.754772	-0.009000	0.540100	0.470716
359		353.883684	139.133869	0.013745	0.589806	0.362328
360		317.839372	175.061897	-0.040215	0.529732	0.455890
361		374.936306	190.382664	0.124617	0.624894	0.495788
362	left_eye_inner_corner	318.743742	140.973381	0.001379	0.531240	0.367118
363		311.983573	171.619274	-0.052631	0.519973	0.446925
364		355.169821	227.979378	0.058452	0.591950	0.593696
365		354.929996	235.524559	0.081036	0.591550	0.613345
366		376.593518	172.801872	0.082415	0.627656	0.450005
367		363.008773	217.424103	0.070794	0.605015	0.566209
368		375.554574	128.595737	0.052966	0.625924	0.334885
369		328.054512	254.910667	0.027358	0.546758	0.663830
370		302.787781	190.542732	-0.037996	0.504646	0.496205
371		325.956917	171.248016	-0.010477	0.543262	0.445958
372		371.237290	143.066505	0.039799	0.618729	0.372569
373		341.762209	142.803246	0.001424	0.569604	0.371883
374	left_eye_lower_lid	336.016059	143.252712	-0.001461	0.560027	0.373054
375		328.535342	217.381416	0.006657	0.547559	0.566097
376		368.443358	186.314667	0.046730	0.614072	0.485194
377		315.716350	265.608925	0.032631	0.526194	0.691690
378		336.482298	253.961861	0.053247	0.560804	0.661359
379		345.253837	246.272392	0.065345	0.575423	0.641334
380		330.122316	142.685246	-0.002129	0.550204	0.371576
381		324.345911	141.703194	-0.000795	0.540577	0.369019
382		320.552588	141.382507	0.001242	0.534254	0.368184
383		369.301593	131.406910	0.025513	0.615503	0.342205
384		325.829530	136.170536	-0.003664	0.543049	0.354611
385		332.084227	134.316078	-0.006270	0.553474	0.349781
386	left_eye_upper_lid	338.173413	134.077744	-0.005773	0.563622	0.349161
387		343.922675	135.131126	-0.002639	0.573204	0.351904
388		347.279048	136.683941	0.001705	0.578798	0.355948
389		379.987407	124.286362	0.084626	0.633312	0.323662
390		345.545053	141.730133	0.004974	0.575908	0.369089
391		322.469294	199.426712	-0.013504	0.537449	0.519340
392		316.925883	185.191486	-0.031355	0.528210	0.482269
393		309.886372	197.886681	-0.024477	0.516477	0.515330
394		346.481717	238.382698	0.049144	0.577470	0.620788
395		337.703168	246.756317	0.039095	0.562839	0.642595
396		315.827608	260.555191	0.017004	0.526379	0.678529
397		362.620962	223.811714	0.100105	0.604368	0.582843
398		321.038640	139.004677	-0.000895	0.535064	0.361991
399		310.807407	157.244453	-0.034107	0.518012	0.409491
400		326.942468	260.795403	0.040680	0.544904	0.679155
401		373.637652	188.674839	0.084552	0.622729	0.491341
402		314.704585	213.360741	-0.006128	0.524508	0.555627
403		316.022265	216.409882	-0.006887	0.526704	0.563567
404		317.272425	220.328888	-0.008135	0.528787	0.573773
405		318.191886	224.939644	-0.005952	0.530320	0.585780
406		318.962109	232.656807	0.004017	0.531604	0.605877
407		325.770664	213.159142	0.002139	0.542951	0.555102
408		327.422333	212.554619	0.002012	0.545704	0.553528
409		328.875303	211.759071	0.001835	0.548126	0.551456
410		334.027362	208.494713	0.003319	0.556712	0.542955
411		359.502411	190.700787	0.023394	0.599171	0.496617
412		310.686886	149.589432	-0.025218	0.517811	0.389556
413		313.984430	136.530350	-0.008238	0.523307	0.355548
414		318.140996	136.897110	-0.003688	0.530235	0.356503
415		324.033737	213.663849	0.003849	0.540056	0.556416
416		360.280502	207.673759	0.045780	0.600468	0.540817
417		308.086503	137.171024	-0.023729	0.513478	0.357216
418		322.785723	239.577438	0.012054	0.537976	0.623900
419		305.997741	153.869339	-0.043493	0.509996	0.400701
420		315.681911	168.524300	-0.031256	0.526137	0.438865
421		312.111676	244.271713	0.006760	0.520186	0.636124
422		338.265681	224.888054	0.020777	0.563776	0.585646
423		329.637122	186.376064	-0.005240	0.549395	0.485354
424		331.217051	233.130318	0.017099	0.552028	0.607110
425		344.964087	185.224377	-0.000400	0.574940	0.482355
426		335.854876	193.644905	-0.001643	0.559758	0.504284
427		350.663173	196.592995	0.011865	0.584439	0.511961
428		314.561498	253.113304	0.009225	0.524269	0.659149
429	left_nasolabial_fold_center	319.907999	172.022392	-0.021711	0.533180	0.447975
430		344.247758	230.368813	0.033574	0.573746	0.599919
431		335.408270	239.339836	0.028007	0.559014	0.623281
432	left_nasolabial_fold_bottom	343.581676	215.642967	0.019920	0.572636	0.561570
433		366.461170	198.502991	0.054093	0.610769	0.516935
434		352.029884	216.295807	0.031954	0.586716	0.563270
435		369.753957	203.442146	0.083220	0.616257	0.529797
436		341.240072	202.831696	0.005969	0.568733	0.528208
437		315.143108	161.616119	-0.024423	0.525239	0.420875
438		315.542829	183.418900	-0.046139	0.525905	0.477653
439		319.964433	184.534504	-0.032583	0.533274	0.480559
440		312.383401	179.254761	-0.055562	0.520639	0.466809
441		319.520044	131.030399	-0.013281	0.532533	0.341225
442		331.478226	126.549648	-0.016494	0.552464	0.329556
443		342.051423	125.495762	-0.015789	0.570086	0.326812
444		350.558066	126.723518	-0.010581	0.584263	0.330009
445		356.227684	129.622673	-0.002546	0.593713	0.337559
446		359.063423	140.713840	0.018633	0.598439	0.366442
447		378.579426	157.407600	0.076294	0.630966	0.409916
448		353.666103	150.366531	0.011754	0.589444	0.391580
449		346.690857	152.525539	0.004838	0.577818	0.397202
450		337.340677	152.623363	0.000098	0.562234	0.397457
451		328.434277	151.034683	-0.001891	0.547390	0.393319
452		321.457672	148.853931	-0.003415	0.535763	0.387640
453		316.687274	146.760853	-0.004494	0.527812	0.382190
454	left_cheek_outer	379.847217	156.652828	0.121122	0.633079	0.407950
455		319.856036	186.103775	-0.026363	0.533093	0.484645
456		310.824502	164.287479	-0.041641	0.518041	0.427832
457		310.584855	184.475784	-0.055242	0.517641	0.480406
458		307.132494	187.863350	-0.049719	0.511887	0.489227
459		310.679090	185.383381	-0.049256	0.517798	0.482769
460		317.968011	188.073944	-0.021807	0.529947	0.489776
461		305.707955	188.732162	-0.052757	0.509513	0.491490
462		305.088115	189.914303	-0.038287	0.508480	0.494568
463		316.399169	141.393826	-0.000332	0.527332	0.368213
464		312.998271	143.242687	-0.007127	0.521664	0.373028
465		311.060715	144.845032	-0.015325	0.518435	0.377201
466		349.165928	137.860336	0.005938	0.581943	0.359011
467		354.417443	134.911869	0.006074	0.590696	0.351333
468	right_iris_center	264.111221	137.893627	0.001077	0.440185	0.359098
469		270.558661	137.864960	0.001077	0.450931	0.359023
470		264.005917	132.026333	0.001077	0.440010	0.343819
471		257.526022	137.934311	0.001077	0.429210	0.359204
472		264.121807	143.820362	0.001077	0.440203	0.374532
473	left_iris_center	336.617553	138.062027	0.000781	0.561029	0.359537
474		343.574166	137.998089	0.000781	0.572624	0.359370
475		336.571848	132.191689	0.000781	0.560953	0.344249
476		329.712725	138.105652	0.000781	0.549521	0.359650
477		336.733174	144.026619	0.000781	0.561222	0.375069
